8.177943552899773 2.8597103966835125
56.12858928916321 7.491901580317457
42.61675152679779 6.528150697310671
48.25441623913236 6.946539875299958
67.77768465753239 8.232720367990911
8.527228580546762 2.9201418767838594
41.053005109102706 6.407261904207031
24.245266188813368 4.923948231735724
83.78423214756486 9.153372719799236
82.37565796346911 9.076103677430591
31.70270508037412 5.630515525276004
75.1768521013926 8.670458586568106
21.01455240099817 4.584163217098424
58.78138423349435 7.666901866692592
92.47473072290893 9.616378253943058
56.61687389400793 7.524418508696066
43.71595998076063 6.611804593358808
27.662728280789793 5.259536888433219
57.45195545894394 7.579706818798728
57.77090156717993 7.600717174528989
22.70536906300295 4.765015116765418
68.35890481643231 8.267944412998451
8.8362566848378 2.9725841762409018
99.49599100643655 9.974767716916347
75.70553499726546 8.700892770127986
12.330329789264706 3.511456932565841
56.31070107289409 7.504045647042274
15.073737051883633 3.882491088448708
91.61038458435227 9.571331390373665
16.796149320977328 4.0983105447217305
94.11487736254773 9.701282253524415
29.556109330109855 5.436553074339462
48.18777552832953 6.941741534249855
19.174559231076945 4.3788764804544265
64.57763751101228 8.03602124879049
94.06280714024845 9.698598204908194
62.59823927119663 7.911904907871216
45.05380748507108 6.712213307476982
58.893445468944435 7.674206504189501
84.3180741481976 9.182487361722727
9.072025140984357 3.011980269023082
46.127803347738734 6.791745235779882
24.56430666630472 4.956239165567449
73.96784178181343 8.600455905463003
30.14450524864626 5.490401191957311
22.080042390440337 4.698940560428524
33.15874842104785 5.758363345695359
41.81472203533552 6.466430393604768
11.00125711385225 3.316814301985001
18.79318282472475 4.33511047433912
31.862541918557596 5.644691481255428
83.04885652450491 9.113114534806687
59.7293114174851 7.728474067853569
45.4988236522595 6.745281584356542
83.71285473580734 9.149472921201928
22.836744029911014 4.778780600729752
92.60992018790193 9.623404812637881
35.56315600456013 5.963485222968203
77.41827697285052 8.798765650524539
87.25814208337428 9.34120667169795
9.02080300922418 3.0034651669736707
85.5289246820765 9.248184939872067
74.27165915327859 8.618100669711314
91.55279384005642 9.568322415139262
82.0421935221473 9.057714586039202
57.80274349449855 7.602811551952248
45.86088895784604 6.772066815813769
90.95418902990035 9.536990564633077
28.48114442230505 5.336772847171318
74.98901656784706 8.659619885875307
48.07483931901471 6.933602189267474
13.046718030031748 3.61202409045562
2.7424076659878445 1.6560216381399866
63.32788827146777 7.957882147372363
63.28731314115648 7.955332371507584
44.58551103301542 6.677238278885622
58.7817965192916 7.666928754024757
89.99436967011947 9.486536231423958
50.581447552832216 7.11206352283444
56.06496990435168 7.487654499531324
5.2793606996088736 2.2976859445121898
23.159360040286728 4.812417276201923
25.45016698789299 5.044815852723763
63.012367332190806 7.938032963662396
33.16476600374875 5.7588858300671975
92.70061244318717 9.628115726516127
17.575354223842226 4.1922970104516954
91.01712755518015 9.540289699751268
60.71618530191497 7.792059118225103
76.28271918543919 8.733997892456763
33.04907149999692 5.748832185757114
97.88431025575932 9.893649996627095
42.636564695113506 6.5296680386611925
19.20000621012005 4.381781168671029
81.7547492939353 9.04183329275293
99.02247673812273 9.95100380555262
71.78757187098535 8.472754680207927
14.894788165604536 3.859376655057723
20.57439354791628 4.5359005222685695
14.241573954567825 3.773800995623355
